0 0.082516 0.185022 0.080065 0.264317
0 0.074346 0.502203 0.066993 0.255507
0 0.080882 0.811674 0.073529 0.275330
0 0.167484 0.812775 0.063725 0.259912
0 0.245098 0.823789 0.058824 0.255507
0 0.318627 0.827093 0.071895 0.248899
0 0.402778 0.807269 0.066993 0.288546
0 0.507353 0.823789 0.086601 0.251101
0 0.611928 0.816079 0.093137 0.270925
0 0.717320 0.811674 0.088235 0.284141
0 0.809641 0.814978 0.076797 0.264317
0 0.912582 0.810573 0.093137 0.290749
0 0.905229 0.500000 0.078431 0.268722
0 0.797386 0.492291 0.081699 0.288546
0 0.701797 0.502203 0.083333 0.259912
0 0.588235 0.502203 0.111111 0.264317
0 0.481209 0.516520 0.086601 0.235683
0 0.385621 0.501101 0.075163 0.266520
0 0.303922 0.504405 0.071895 0.251101
0 0.226307 0.492291 0.066993 0.270925
0 0.147059 0.500000 0.065359 0.268722
0 0.906046 0.182819 0.086601 0.281938
0 0.806373 0.188326 0.070261 0.270925
0 0.726307 0.180617 0.066993 0.286344
0 0.632353 0.187225 0.075163 0.268722
0 0.532680 0.182819 0.094771 0.277533
0 0.426471 0.175110 0.081699 0.284141
0 0.333333 0.178414 0.075163 0.281938
0 0.248366 0.178414 0.065359 0.277533
0 0.171569 0.192731 0.071895 0.248899
