0 0.120915 0.181553 0.091503 0.262136
0 0.113562 0.481553 0.096405 0.271845
0 0.114379 0.792233 0.078431 0.275728
0 0.224673 0.797087 0.073529 0.238835
0 0.339052 0.792233 0.080065 0.256311
0 0.445261 0.801942 0.063725 0.244660
0 0.559641 0.788350 0.073529 0.267961
0 0.669118 0.803883 0.070261 0.240777
0 0.775327 0.792233 0.070261 0.267961
0 0.887255 0.796117 0.078431 0.260194
0 0.226307 0.491262 0.089869 0.283495
0 0.337418 0.488350 0.063725 0.262136
0 0.438725 0.487379 0.086601 0.264078
0 0.552288 0.493204 0.084967 0.271845
0 0.668301 0.486408 0.078431 0.258252
0 0.771242 0.489320 0.071895 0.260194
0 0.882353 0.497087 0.062092 0.244660
0 0.888889 0.185437 0.075163 0.273786
0 0.767974 0.182524 0.088235 0.271845
0 0.661765 0.192233 0.075163 0.260194
0 0.544118 0.185437 0.088235 0.266019
0 0.435458 0.190291 0.070261 0.256311
0 0.328431 0.185437 0.065359 0.266019
0 0.226307 0.186408 0.070261 0.260194
