0 0.091503 0.260708 0.160131 0.465549
0 0.241013 0.271881 0.112745 0.435754
0 0.371732 0.277467 0.138889 0.435754
0 0.075980 0.735568 0.122549 0.476723
0 0.223039 0.736499 0.135621 0.471136
0 0.363562 0.747672 0.119281 0.448790
0 0.514706 0.745810 0.137255 0.467412
0 0.656046 0.750466 0.106209 0.435754
0 0.774510 0.744879 0.101307 0.465549
0 0.929739 0.743017 0.130719 0.461825
0 0.522059 0.270019 0.129085 0.472998
0 0.639706 0.277467 0.106209 0.443203
0 0.766340 0.252328 0.120915 0.482309
0 0.906046 0.258845 0.125817 0.461825
