0 0.050654 0.128521 0.055556 0.239437
0 0.044118 0.881162 0.058824 0.234155
0 0.171569 0.885563 0.068627 0.228873
0 0.278595 0.885563 0.060458 0.228873
0 0.400327 0.871479 0.078431 0.235915
0 0.523693 0.875880 0.080065 0.234155
0 0.620915 0.880282 0.052288 0.228873
0 0.746732 0.873239 0.062092 0.239437
0 0.852124 0.878521 0.057190 0.225352
0 0.960784 0.883803 0.055556 0.214789
0 0.042484 0.634683 0.049020 0.202465
0 0.170752 0.631162 0.070261 0.223592
0 0.279412 0.620599 0.078431 0.241197
0 0.394608 0.624120 0.066993 0.234155
0 0.517157 0.622359 0.076797 0.223592
0 0.624183 0.624120 0.062092 0.227113
0 0.746732 0.629401 0.065359 0.195423
0 0.848856 0.622359 0.080065 0.237676
0 0.961601 0.611796 0.076797 0.223592
0 0.044118 0.382923 0.055556 0.213028
0 0.162582 0.379401 0.053922 0.234155
0 0.268791 0.376761 0.057190 0.228873
0 0.401961 0.386444 0.071895 0.216549
0 0.515523 0.382042 0.066993 0.239437
0 0.629085 0.383803 0.071895 0.228873
0 0.740196 0.380282 0.068627 0.211268
0 0.840686 0.384683 0.073529 0.209507
0 0.954248 0.379401 0.062092 0.220070
0 0.950163 0.127641 0.073529 0.227113
0 0.839052 0.128521 0.066993 0.207746
0 0.739379 0.128521 0.083333 0.225352
0 0.616830 0.132923 0.063725 0.213028
0 0.513889 0.123239 0.083333 0.221831
0 0.396242 0.134683 0.083333 0.216549
0 0.281046 0.125000 0.065359 0.232394
0 0.160131 0.124120 0.068627 0.244718
