0 0.084967 0.533195 0.068627 0.585062
0 0.160131 0.549793 0.065359 0.551867
0 0.237745 0.539419 0.076797 0.580913
0 0.308824 0.553942 0.062092 0.551867
0 0.374183 0.529046 0.068627 0.601660
0 0.437092 0.551867 0.047386 0.580913
0 0.496732 0.537344 0.071895 0.568465
0 0.570261 0.535270 0.058824 0.539419
0 0.631536 0.539419 0.057190 0.580913
0 0.705882 0.543568 0.065359 0.597510
0 0.784314 0.556017 0.062092 0.564315
0 0.848856 0.553942 0.063725 0.551867
0 0.920752 0.535270 0.070261 0.556017
