0 0.040850 0.178738 0.049020 0.306075
0 0.115196 0.184579 0.057190 0.299065
0 0.041667 0.807243 0.053922 0.310748
0 0.105392 0.841121 0.053922 0.238318
0 0.163399 0.816589 0.058824 0.268692
0 0.244281 0.813084 0.063725 0.303738
0 0.321895 0.815421 0.078431 0.308411
0 0.399510 0.817757 0.060458 0.299065
0 0.470588 0.817757 0.065359 0.289720
0 0.549837 0.813084 0.073529 0.294393
0 0.626634 0.831776 0.066993 0.280374
0 0.696078 0.813084 0.058824 0.308411
0 0.773693 0.815421 0.066993 0.285047
0 0.832516 0.851636 0.040850 0.212617
0 0.893791 0.807243 0.068627 0.306075
0 0.956699 0.817757 0.047386 0.289720
0 0.053922 0.496495 0.068627 0.264019
0 0.123366 0.483645 0.066993 0.285047
0 0.189542 0.494159 0.055556 0.282710
0 0.253268 0.538551 0.055556 0.212617
0 0.316176 0.497664 0.057190 0.308411
0 0.386438 0.487150 0.063725 0.306075
0 0.447712 0.495327 0.055556 0.289720
0 0.525327 0.497664 0.066993 0.280374
0 0.598039 0.497664 0.062092 0.285047
0 0.664216 0.485981 0.050654 0.299065
0 0.739379 0.503505 0.044118 0.268692
0 0.814542 0.488318 0.073529 0.299065
0 0.887255 0.538551 0.058824 0.207944
0 0.955882 0.492991 0.078431 0.313084
0 0.205065 0.188084 0.066993 0.292056
0 0.271242 0.182243 0.062092 0.322430
0 0.343954 0.186916 0.057190 0.280374
0 0.424020 0.183411 0.060458 0.306075
0 0.489379 0.224299 0.057190 0.205607
0 0.541667 0.196262 0.053922 0.275701
0 0.605392 0.177570 0.050654 0.299065
0 0.691993 0.183411 0.066993 0.296729
0 0.762255 0.183411 0.053922 0.292056
0 0.819444 0.181075 0.034314 0.282710
0 0.888072 0.177570 0.063725 0.308411
0 0.953431 0.177570 0.047386 0.299065
