0 0.059641 0.156187 0.080065 0.279919
0 0.064542 0.491886 0.089869 0.294118
0 0.062092 0.840771 0.081699 0.286004
0 0.163399 0.845842 0.065359 0.275862
0 0.261438 0.834686 0.058824 0.302231
0 0.358660 0.830629 0.063725 0.290061
0 0.450163 0.840771 0.080065 0.298174
0 0.543301 0.838742 0.053922 0.302231
0 0.636438 0.837728 0.060458 0.279919
0 0.737745 0.830629 0.083333 0.314402
0 0.837418 0.841785 0.053922 0.279919
0 0.940359 0.837728 0.070261 0.308316
0 0.157680 0.510142 0.066993 0.273834
0 0.260621 0.496957 0.093137 0.304260
0 0.359477 0.505071 0.071895 0.300203
0 0.446078 0.511156 0.075163 0.300203
0 0.540033 0.503043 0.080065 0.320487
0 0.635621 0.501014 0.075163 0.300203
0 0.737745 0.510142 0.080065 0.298174
0 0.842320 0.500000 0.083333 0.314402
0 0.932190 0.511156 0.076797 0.308316
0 0.166667 0.171400 0.065359 0.294118
0 0.251634 0.164300 0.075163 0.308316
0 0.342320 0.164300 0.060458 0.308316
0 0.437908 0.165314 0.084967 0.302231
0 0.526144 0.160243 0.078431 0.308316
0 0.627451 0.173428 0.071895 0.286004
0 0.727941 0.165314 0.073529 0.310345
0 0.840686 0.168357 0.073529 0.296146
0 0.938725 0.168357 0.080065 0.300203
