0 0.053922 0.476035 0.062092 0.328976
0 0.121732 0.464052 0.063725 0.348584
0 0.184641 0.457516 0.068627 0.357298
0 0.256536 0.452070 0.049020 0.368192
0 0.320261 0.459695 0.075163 0.383442
0 0.364379 0.453159 0.058824 0.352941
0 0.411765 0.465142 0.049020 0.376906
0 0.474673 0.466231 0.063725 0.383442
0 0.539216 0.467320 0.075163 0.381264
0 0.605392 0.470588 0.050654 0.383442
0 0.669118 0.468410 0.073529 0.392157
0 0.722222 0.471678 0.042484 0.403050
0 0.787582 0.480392 0.065359 0.376906
0 0.864379 0.483660 0.078431 0.331155
0 0.943627 0.495643 0.063725 0.337691
