0 0.107843 0.157522 0.075163 0.233628
0 0.209150 0.160177 0.071895 0.235398
0 0.313725 0.160177 0.088235 0.235398
0 0.439542 0.163717 0.084967 0.238938
0 0.554739 0.162832 0.060458 0.237168
0 0.659314 0.161947 0.073529 0.238938
0 0.772876 0.161062 0.075163 0.244248
0 0.871732 0.161062 0.093137 0.237168
0 0.119281 0.475221 0.075163 0.249558
0 0.240196 0.476106 0.081699 0.258407
0 0.369281 0.476106 0.088235 0.261947
0 0.504085 0.475221 0.102941 0.246018
0 0.634804 0.481416 0.086601 0.247788
0 0.759804 0.480531 0.091503 0.253097
0 0.867647 0.482301 0.078431 0.249558
0 0.126634 0.796460 0.070261 0.261947
0 0.247549 0.800885 0.102941 0.256637
0 0.378268 0.799115 0.089869 0.260177
0 0.504902 0.799115 0.075163 0.253097
0 0.623366 0.795575 0.086601 0.256637
0 0.743464 0.796460 0.101307 0.247788
0 0.875000 0.799115 0.080065 0.260177
